#	Buff配置文件(所有的数值都以100为底，也就是实际数值会除于100)																	
#	ID		BuffName	IconPath	BuffText	MoneyMulti	MoneyPlus	EnergyMulti	EnergyPlus	EnergyMaxMulti	EnergyMaxPlus	FavorMulti	FavorPlus	TimeMulti	TimePlus	WisdomPlus	StaminaPlus	CharmPlus
#	int	string	string	string	string	int	int	int	int	int	int	int	int	int	int	int	int	int
#	BuffID	策划备注	buff的名称	buffIcon的路径	buff描述	金钱乘法（仅在结算时有效）	金钱加法	体力乘法	体力加法	体力上限乘法	体力上限加法	信任乘法	信任加法	时间乘法	时间加法	智慧加成	体魄加成	魅力加成
	10001	测试，请勿使用	buff_1		增加50%的金钱结算\n互动体力消耗-5\n体力上限+20\n信任获取+1\n制作时间减少-50%	50	0	0	-500	0	2000	0	100	-50	0	0	0	0
	10002		buff_2			0	0	0	0	0	0	0	0	0	0	0	0	0
	10003		buff_3			0	0	0	0	0	0	0	0	0	0	0	0	0
	10004		buff_4			0	0	0	0	0	0	0	0	0	0	0	0	0
	10005		buff_5			0	0	0	0	0	0	0	0	0	0	0	0	0
	10006		buff_6			0	0	0	0	0	0	0	0	0	0	0	0	0
	10007		buff_7			0	0	0	0	0	0	0	0	0	0	0	0	0
	10008		buff_8			0	0	0	0	0	0	0	0	0	0	0	0	0
	10009		buff_9			0	0	0	0	0	0	0	0	0	0	0	0	0
	10010		buff_10			0	0	0	0	0	0	0	0	0	0	0	0	0
#																		
	50000		<b><size=28>哑铃的效果</size></b>		在家锻炼每次获得+1体魄	0	0	0	0	0	0	0	0	0	0	0	100	0
	50100		<b><size=28>化妆镜的效果</size></b>		在家占卜每次获得+1魅力	0	0	0	0	0	0	0	0	0	0	0	0	100
	50200		<b><size=28>字典的效果</size></b>		在家阅读每次获得+1智慧	0	0	0	0	0	0	0	0	0	0	100	0	0
	50300		<b><size=28>运动套装的效果</size></b>		在家锻炼每次获得+2体魄	0	0	0	0	0	0	0	0	0	0	0	200	0
	50400		<b><size=28>梳妆台的效果</size></b>		在家占卜每次获得+2魅力	0	0	0	0	0	0	0	0	0	0	0	0	200
	50500		<b><size=28>点读机的效果</size></b>		在家阅读每次获得+2智慧	0	0	0	0	0	0	0	0	0	0	200	0	0
	50600		<b><size=28>华丽杯具的效果</size></b>		+20%金钱获取	20	0	0	0	0	0	0	0	0	0	0	0	0
	50700		<b><size=28>现代艺术品的效果</size></b>		+40%金钱获取	40	0	0	0	0	0	0	0	0	0	0	0	0
#																		
	100200	常服	<b><size=28>常服的效果</size></b>		交互的体力消耗-20%	0	0	0	0	0	0	0	0	0	0	0	0	0
	100300	女仆装	<b><size=28>泳装的效果</size></b>		每次交互获得的智慧额外获得2点	0	0	0	0	0	0	0	0	0	0	200	0	0
	100400	泳装	<b><size=28>运动服的效果</size></b>		每次交互获得的魅力额外获得2点	0	0	0	0	0	0	0	0	0	0	0	0	200
	100500	运动服	<b><size=28>运动服的效果</size></b>		每次交互获得的体魄额外获得2点	0	0	0	0	0	0	0	0	0	0	0	200	0
#																		
